0	1
0.0024	3
0.00479	1
0.00718	3
0.00958	2
0.01197	0
0.01437	1
0.01676	3
0.01915	2
0.02154	1
0.02393	6
0.02633	10
0.02872	11
0.03111	12
0.0335	26
0.03589	27
0.03827	48
0.04066	85
0.04305	123
0.04544	144
0.04783	202
0.05021	313
0.0526	374
0.05499	474
0.05737	683
0.05976	840
0.06214	1047
0.06453	1342
0.06691	1519
0.06929	1819
0.07168	2093
0.07406	2205
0.07644	2444
0.07882	2561
0.0812	2601
0.08358	2599
0.08597	2580
0.08835	2440
0.09073	2302
0.0931	2191
0.09548	2215
0.09786	1972
0.10024	1850
0.10262	1761
0.105	1676
0.10737	1451
0.10975	1526
0.11212	1345
0.1145	1245
0.11688	1343
0.11925	1123
0.12162	1106
0.124	1174
0.12637	1018
0.12875	978
0.13112	958
0.13349	863
0.13586	790
0.13823	874
0.14061	774
0.14298	708
0.14535	691
0.14772	656
0.15009	597
0.15245	596
0.15482	562
0.15719	580
0.15956	520
0.16193	551
0.16429	559
0.16666	459
0.16903	503
0.17139	466
0.17376	493
0.17612	467
0.17849	471
0.18085	441
0.18322	429
0.18558	329
0.18794	406
0.19031	386
0.19267	362
0.19503	371
0.19739	344
0.19975	393
0.20211	327
0.20448	345
0.20684	324
0.20919	325
0.21155	309
0.21391	272
0.21627	281
0.21863	267
0.22099	239
0.22334	251
0.2257	225
0.22806	240
0.23041	272
0.23277	230
0.23513	206
0.23748	177
0.23983	209
0.24219	222
0.24454	190
0.2469	203
0.24925	229
0.2516	222
0.25395	184
0.25631	193
0.25866	204
0.26101	169
0.26336	182
0.26571	171
0.26806	170
0.27041	179
0.27276	162
0.27511	156
0.27746	138
0.27981	142
0.28215	149
0.2845	134
0.28685	135
0.28919	134
0.29154	148
0.29389	115
0.29623	122
0.29858	121
0.30092	122
0.30327	134
0.30561	116
0.30795	102
0.3103	108
0.31264	108
0.31498	106
0.31732	114
0.31967	107
0.32201	92
0.32435	114
0.32669	102
0.32903	84
0.33137	92
0.33371	94
0.33605	75
0.33839	98
0.34073	63
0.34307	79
0.3454	89
0.34774	90
0.35008	74
0.35241	89
0.35475	89
0.35709	79
0.35942	80
0.36176	76
0.36409	76
0.36643	60
0.36876	66
0.3711	57
0.37343	68
0.37576	64
0.3781	72
0.38043	63
0.38276	66
0.38509	63
0.38742	56
0.38975	53
0.39208	58
0.39441	47
0.39674	49
0.39907	51
0.4014	48
0.40373	66
0.40606	39
0.40839	45
0.41072	67
0.41305	30
0.41537	40
0.4177	56
0.42003	45
0.42235	42
0.42468	49
0.427	41
0.42933	41
0.43165	46
0.43398	34
0.4363	39
0.43863	52
0.44095	45
0.44327	40
0.44559	35
0.44792	32
0.45024	46
0.45256	33
0.45488	36
0.4572	30
0.45952	33
0.46184	31
0.46416	41
0.46648	28
0.4688	38
0.47112	38
0.47344	32
0.47576	26
0.47808	31
0.48039	28
0.48271	41
0.48503	25
0.48735	34
0.48966	31
0.49198	26
0.49429	23
0.49661	22
0.49892	21
0.50124	20
0.50355	26
0.50587	26
0.50818	30
0.51049	16
0.51281	28
0.51512	19
0.51743	27
0.51974	26
0.52206	23
0.52437	37
0.52668	26
0.52899	26
0.5313	30
0.53361	18
0.53592	24
0.53823	18
0.54054	21
0.54285	22
0.54516	21
0.54746	22
0.54977	21
0.55208	23
0.55439	18
0.55669	18
0.559	18
0.56131	11
0.56361	12
0.56592	17
0.56822	23
0.57053	18
0.57283	21
0.57514	14
0.57744	17
0.57975	12
0.58205	17
0.58435	14
0.58665	12
0.58896	21
0.59126	10
0.59356	10
0.59586	12
0.59816	15
0.60046	24
0.60277	21
0.60507	19
0.60737	21
0.60967	15
0.61196	11
0.61426	17
0.61656	7
0.61886	20
0.62116	15
0.62346	16
0.62575	7
0.62805	15
0.63035	17
0.63265	17
0.63494	7
0.63724	12
0.63953	9
0.64183	22
0.64412	12
0.64642	11
0.64871	11
0.65101	9
0.6533	5
0.6556	15
0.65789	11
0.66018	11
0.66248	11
0.66477	15
0.66706	9
0.66935	9
0.67164	10
0.67394	7
0.67623	13
0.67852	8
0.68081	10
0.6831	9
0.68539	12
0.68768	10
0.68997	13
0.69226	7
0.69454	8
0.69683	9
0.69912	10
0.70141	5
0.7037	8
0.70598	7
0.70827	7
0.71056	11
0.71284	13
0.71513	4
0.71742	8
0.7197	8
0.72199	5
0.72427	4
0.72656	8
0.72884	11
0.73112	8
0.73341	10
0.73569	5
0.73798	6
0.74026	6
0.74254	9
0.74482	3
0.74711	9
0.74939	4
0.75167	16
0.75395	6
0.75623	3
0.75851	6
0.76079	5
0.76307	7
0.76535	9
0.76763	8
0.76991	3
0.77219	6
0.77447	4
0.77675	8
0.77903	3
0.78131	4
0.78358	4
0.78586	4
0.78814	5
0.79041	7
0.79269	8
0.79497	3
0.79724	4
0.79952	6
0.8018	11
0.80407	8
0.80635	5
0.80862	6
0.8109	2
0.81317	6
0.81544	3
0.81772	3
0.81999	7
0.82227	3
0.82454	9
0.82681	2
0.82908	8
0.83136	5
0.83363	4
0.8359	6
0.83817	5
0.84044	7
0.84271	4
0.84498	8
0.84725	2
0.84952	3
0.85179	5
0.85406	6
0.85633	1
0.8586	6
0.86087	3
0.86314	5
0.86541	5
0.86768	5
0.86994	3
0.87221	4
0.87448	1
0.87675	4
0.87901	4
0.88128	5
0.88355	2
0.88581	3
0.88808	4
0.89034	3
0.89261	4
0.89487	4
0.89714	7
0.8994	6
0.90167	3
0.90393	5
0.9062	6
0.90846	4
0.91072	2
0.91299	3
0.91525	2
0.91751	3
0.91977	6
0.92204	4
0.9243	1
0.92656	1
0.92882	5
0.93108	3
0.93334	3
0.93561	1
0.93787	4
0.94013	1
0.94239	3
0.94465	5
0.94691	2
0.94917	4
0.95142	3
0.95368	1
0.95594	3
0.9582	5
0.96046	0
0.96272	4
0.96497	3
0.96723	2
0.96949	2
0.97175	4
0.974	3
0.97626	4
0.97852	2
0.98077	4
0.98303	3
0.98528	1
0.98754	6
0.98979	8
0.99205	3
0.9943	1
0.99656	2
0.99881	4
1.00107	2
1.00332	2
1.00558	4
1.00783	4
1.01008	4
1.01233	2
1.01459	2
1.01684	4
1.01909	3
1.02134	4
1.0236	4
1.02585	2
1.0281	2
1.03035	2
1.0326	2
1.03485	5
1.0371	3
1.03935	2
1.0416	4
1.04385	2
1.0461	2
1.04835	2
1.0506	2
1.05285	3
1.0551	4
1.05735	3
1.0596	3
1.06184	1
1.06409	1
1.06634	3
1.06859	1
1.07084	0
1.07308	2
1.07533	1
1.07758	6
1.07982	3
1.08207	6
1.08432	6
1.08656	4
1.08881	0
1.09105	1
1.0933	2
1.09554	1
1.09779	3
1.10003	2
1.10228	0
1.10452	2
1.10677	0
