-0.026	0
-0.0236	0
-0.02121	0
-0.01882	0
-0.01642	0
-0.01403	0
-0.01163	0
-0.00924	0
-0.00685	0
-0.00446	0
-0.00207	0
3.2561E-4	0
0.00272	0
0.00511	0
0.0075	0
0.00989	0
0.01227	0
0.01466	0
0.01705	4
0.01944	0
0.02183	0
0.02421	2
0.0266	8
0.02899	14
0.03137	22
0.03376	24
0.03614	68
0.03853	110
0.04091	124
0.04329	164
0.04568	262
0.04806	334
0.05044	464
0.05282	430
0.0552	446
0.05758	452
0.05997	440
0.06235	482
0.06473	354
0.0671	458
0.06948	282
0.07186	266
0.07424	178
0.07662	152
0.079	154
0.08137	82
0.08375	62
0.08612	38
0.0885	46
0.09088	30
0.09325	8
0.09562	16
0.098	14
0.10037	4
0.10275	6
0.10512	2
0.10749	2
0.10986	0
0.11223	0
0.11461	2
0.11698	4
0.11935	4
0.12172	0
0.12409	2
0.12645	2
0.12882	4
0.13119	2
0.13356	0
0.13593	0
0.13829	2
0.14066	0
0.14303	0
0.14539	2
0.14776	0
0.15012	0
0.15249	2
0.15485	0
0.15722	0
0.15958	2
0.16194	2
0.16431	0
0.16667	0
0.16903	0
0.17139	0
0.17375	2
0.17611	4
0.17848	0
0.18084	0
0.18319	0
0.18555	0
0.18791	2
0.19027	0
0.19263	2
0.19499	0
0.19734	0
0.1997	0
0.20206	0
0.20441	2
0.20677	0
0.20913	0
0.21148	0
0.21383	2
0.21619	0
0.21854	2
0.2209	0
0.22325	0
0.2256	0
0.22795	0
0.23031	0
0.23266	0
0.23501	0
0.23736	0
0.23971	0
0.24206	2
0.24441	0
0.24676	0
0.24911	0
0.25146	0
0.25381	0
0.25615	0
0.2585	2
0.26085	0
0.26319	0
0.26554	0
0.26789	0
0.27023	2
0.27258	0
0.27492	0
0.27727	0
0.27961	0
0.28195	0
0.2843	0
0.28664	0
0.28898	0
0.29132	0
0.29367	0
0.29601	0
0.29835	2
0.30069	0
0.30303	0
0.30537	0
0.30771	0
0.31005	0
0.31239	0
0.31473	0
0.31707	0
0.3194	0
0.32174	0
0.32408	0
0.32641	0
0.32875	0
0.33109	0
0.33342	0
0.33576	0
0.33809	0
0.34043	0
0.34276	0
0.3451	0
0.34743	0
0.34976	0
0.3521	0
0.35443	0
0.35676	0
0.35909	0
0.36142	0
0.36375	0
0.36608	0
0.36841	0
0.37074	0
0.37307	0
0.3754	0
0.37773	0
0.38006	2
0.38239	0
0.38472	0
0.38704	0
0.38937	2
0.3917	0
0.39403	0
0.39635	0
0.39868	0
0.401	0
0.40333	0
0.40565	0
0.40798	0
0.4103	0
0.41263	0
0.41495	0
0.41727	0
0.41959	0
0.42192	0
0.42424	0
0.42656	0
0.42888	0
0.4312	0
0.43352	0
0.43584	0
0.43816	0
0.44048	0
0.4428	0
0.44512	0
0.44744	0
0.44976	0
0.45208	0
0.45439	0
0.45671	0
0.45903	0
0.46135	0
0.46366	0
0.46598	0
0.46829	0
0.47061	0
0.47292	0
0.47524	0
0.47755	0
0.47987	0
0.48218	0
0.48449	0
0.48681	0
0.48912	0
0.49143	0
0.49374	0
0.49606	0
0.49837	0
0.50068	0
0.50299	0
0.5053	0
0.50761	0
0.50992	0
0.51223	0
0.51454	0
0.51685	0
0.51916	0
0.52146	0
0.52377	0
0.52608	0
0.52839	0
0.53069	0
0.533	0
0.53531	0
0.53761	0
0.53992	0
0.54222	0
0.54453	0
0.54683	0
0.54914	0
0.55144	0
0.55375	0
0.55605	0
0.55835	0
0.56065	0
0.56296	0
0.56526	0
0.56756	0
0.56986	0
0.57216	0
0.57446	0
0.57677	0
0.57907	0
0.58137	0
0.58367	0
0.58596	0
0.58826	0
0.59056	0
0.59286	0
0.59516	2
0.59746	0
0.59975	0
0.60205	0
0.60435	0
0.60665	0
0.60894	0
0.61124	0
0.61353	0
0.61583	0
0.61812	0
0.62042	0
0.62271	2
0.62501	0
0.6273	0
0.6296	0
0.63189	0
0.63418	0
0.63648	0
0.63877	0
0.64106	0
0.64335	0
0.64564	0
0.64794	0
0.65023	0
0.65252	0
0.65481	0
0.6571	0
0.65939	0
0.66168	0
0.66397	0
0.66626	0
0.66854	0
0.67083	0
0.67312	0
0.67541	0
0.6777	0
0.67998	0
0.68227	0
0.68456	0
0.68684	0
0.68913	2
0.69142	2
0.6937	0
0.69599	0
0.69827	0
0.70056	0
0.70284	0
0.70512	0
0.70741	0
0.70969	0
0.71198	0
0.71426	0
0.71654	0
0.71882	0
0.72111	0
0.72339	0
0.72567	0
0.72795	0
0.73023	0
0.73251	0
0.73479	0
0.73707	0
0.73935	0
0.74163	0
0.74391	0
0.74619	0
0.74847	0
0.75075	0
0.75303	2
0.75531	0
0.75758	0
0.75986	0
0.76214	0
0.76441	0
0.76669	0
0.76897	0
0.77124	0
0.77352	0
0.7758	0
0.77807	0
0.78035	0
0.78262	0
0.7849	0
0.78717	0
0.78944	0
0.79172	0
0.79399	0
0.79627	0
0.79854	0
0.80081	2
0.80308	0
0.80536	0
0.80763	0
0.8099	0
0.81217	0
0.81444	0
0.81671	0
0.81898	0
0.82125	0
0.82352	0
0.82579	0
0.82806	0
0.83033	0
0.8326	0
0.83487	0
0.83714	2
0.83941	0
0.84168	0
0.84394	0
0.84621	2
0.84848	0
0.85075	0
0.85301	0
0.85528	0
0.85755	0
0.85981	0
0.86208	0
0.86434	0
0.86661	0
0.86887	0
0.87114	0
0.8734	0
0.87567	0
0.87793	0
0.8802	0
0.88246	0
0.88472	2
0.88699	0
0.88925	0
0.89151	0
0.89377	0
0.89604	0
0.8983	0
0.90056	0
0.90282	0
0.90508	0
0.90734	0
0.90961	0
0.91187	0
0.91413	0
0.91639	0
0.91865	0
0.92091	0
0.92317	0
0.92542	0
0.92768	0
0.92994	0
0.9322	0
0.93446	0
0.93672	0
0.93897	2
0.94123	0
0.94349	0
0.94575	0
0.948	0
0.95026	0
0.95252	0
0.95477	0
0.95703	0
0.95928	0
0.96154	0
0.96379	0
0.96605	0
0.9683	0
0.97056	0
0.97281	0
0.97507	0
0.97732	0
0.97958	0
0.98183	0
0.98408	0
0.98633	0
0.98859	0
0.99084	0
0.99309	0
0.99534	0
0.9976	0
0.99985	0
1.0021	0
1.00435	0
1.0066	0
1.00885	0
1.0111	0
1.01335	0
1.0156	0
1.01785	0
1.0201	0
1.02235	0
1.0246	0
1.02685	0
1.0291	0
1.03135	0
1.0336	0
1.03584	0
1.03809	0
1.04034	0
1.04259	0
1.04484	0
1.04708	0
1.04933	0
1.05158	0
1.05382	0
1.05607	0
1.05832	0
1.06056	0
1.06281	0
1.06505	0
1.0673	0
1.06954	0
1.07179	0
1.07403	0
1.07628	0
1.07852	0
1.08077	0
