0 2664.95
0.00238 2544.53
0.00477 2429.13
0.00715 2319.47
0.00953 2214.81
0.0119 2115.33
0.01428 2019.98
0.01666 1928.97
0.01904 1842.12
0.02142 1759.23
0.0238 1680.12
0.02617 1604.93
0.02855 1532.86
0.03092 1464.35
0.0333 1398.69
0.03568 1336.03
0.03805 1276.46
0.04042 1219.61
0.0428 1165.11
0.04517 1113.31
0.04755 1063.66
0.04992 1016.47
0.05229 971.418
0.05466 928.416
0.05703 887.367
0.05941 848.022
0.06178 810.625
0.06415 774.927
0.06652 740.85
0.06889 708.321
0.07125 677.398
0.07362 647.751
0.07599 619.45
0.07836 592.436
0.08073 566.648
0.08309 542.133
0.08546 518.63
0.08783 496.195
0.09019 474.867
0.09256 454.419
0.09492 434.981
0.09729 416.345
0.09965 398.629
0.10202 381.644
0.10438 365.498
0.10674 350.082
0.10911 335.302
0.11147 321.252
0.11383 307.837
0.11619 295.029
0.11855 282.801
0.12091 271.126
0.12328 259.932
0.12564 249.291
0.12799 239.174
0.13035 229.472
0.13271 220.209
0.13507 211.365
0.13743 202.921
0.13979 194.859
0.14214 187.194
0.1445 179.843
0.14686 172.825
0.14921 166.152
0.15157 159.753
0.15393 153.644
0.15628 147.835
0.15863 142.288
0.16099 136.969
0.16334 131.911
0.1657 127.061
0.16805 122.45
0.1704 118.046
0.17275 113.841
0.17511 109.809
0.17746 105.974
0.17981 102.313
0.18216 98.8165
0.18451 95.4775
0.18686 92.2889
0.18921 89.244
0.19156 86.3362
0.19391 83.5594
0.19626 80.9077
0.19861 78.3754
0.20095 75.9673
0.2033 73.6576
0.20565 71.4519
0.20799 69.3544
0.21034 67.3426
0.21269 65.4214
0.21503 63.5944
0.21738 61.842
0.21972 60.1756
0.22207 58.5772
0.22441 57.0573
0.22675 55.6055
0.2291 54.213
0.23144 52.8888
0.23378 51.624
0.23612 50.4159
0.23847 49.2572
0.24081 48.1553
0.24315 47.1029
0.24549 46.0976
0.24783 45.1375
0.25017 44.2204
0.25251 43.3444
0.25485 42.5078
0.25719 41.7087
0.25953 40.9454
0.26187 40.2164
0.2642 39.523
0.26654 38.8577
0.26888 38.2224
0.27121 37.618
0.27355 37.0383
0.27589 36.4845
0.27822 35.9578
0.28056 35.4525
0.28289 34.9719
0.28523 34.5109
0.28756 34.0723
0.2899 33.6516
0.29223 33.2515
0.29456 32.8692
0.2969 32.5025
0.29923 32.1536
0.30156 31.8204
0.30389 31.5021
0.30622 31.1979
0.30855 30.9074
0.31088 30.6298
0.31321 30.3647
0.31554 30.1114
0.31787 29.8694
0.3202 29.6382
0.32253 29.4173
0.32486 29.2063
0.32719 29.0047
0.32952 28.8122
0.33185 28.6282
0.33417 28.4532
0.3365 28.2853
0.33883 28.1249
0.34115 27.9722
0.34348 27.8258
0.3458 27.6865
0.34813 27.5528
0.35045 27.4256
0.35278 27.3036
0.3551 27.1875
0.35743 27.0762
0.35975 26.9702
0.36207 26.8689
0.36439 26.7722
0.36672 26.6794
0.36904 26.5911
0.37136 26.5067
0.37368 26.426
0.376 26.349
0.37832 26.2754
0.38064 26.205
0.38296 26.1378
0.38528 26.0736
0.3876 26.0122
0.38992 25.9536
0.39224 25.8976
0.39456 25.844
0.39688 25.7929
0.39919 25.7442
0.40151 25.6975
0.40383 25.6529
0.40615 25.6102
0.40846 25.5696
0.41078 25.5307
0.41309 25.4936
0.41541 25.4581
0.41772 25.4242
0.42004 25.3918
0.42235 25.3609
0.42467 25.3312
0.42698 25.303
0.42929 25.276
0.43161 25.2501
0.43392 25.2255
0.43623 25.202
0.43854 25.1795
0.44086 25.1579
0.44317 25.1373
0.44548 25.1177
0.44779 25.0989
0.4501 25.081
0.45241 25.0639
0.45472 25.0475
0.45703 25.0318
0.45934 25.0169
0.46165 25.0026
0.46396 24.9889
0.46626 24.9759
0.46857 24.9634
0.47088 24.9515
0.47319 24.9401
0.47549 24.9293
0.4778 24.9188
0.48011 24.9089
0.48241 24.8994
0.48472 24.8903
0.48702 24.8817
0.48933 24.8734
0.49163 24.8655
0.49394 24.8579
0.49624 24.8506
0.49855 24.8437
0.50085 24.8371
0.50315 24.8308
0.50545 24.8248
0.50776 24.819
0.51006 24.8135
0.51236 24.8082
0.51466 24.8032
0.51696 24.7984
0.51926 24.7938
0.52157 24.7894
0.52387 24.7852
0.52617 24.7812
0.52847 24.7773
0.53076 24.7737
0.53306 24.7702
0.53536 24.7668
0.53766 24.7636
0.53996 24.7605
0.54226 24.7576
0.54455 24.7548
0.54685 24.7521
0.54915 24.7496
0.55145 24.7471
0.55374 24.7448
0.55604 24.7426
0.55833 24.7404
0.56063 24.7384
0.56292 24.7365
0.56522 24.7346
0.56751 24.7328
0.56981 24.7311
0.5721 24.7295
0.5744 24.7279
0.57669 24.7264
0.57898 24.725
0.58128 24.7237
0.58357 24.7224
0.58586 24.7211
0.58815 24.7199
0.59044 24.7188
0.59274 24.7177
0.59503 24.7167
0.59732 24.7157
0.59961 24.7148
0.6019 24.7138
0.60419 24.713
0.60648 24.7122
0.60877 24.7114
0.61106 24.7106
0.61334 24.7099
0.61563 24.7092
0.61792 24.7085
0.62021 24.7079
0.6225 24.7073
0.62478 24.7067
0.62707 24.7062
0.62936 24.7056
0.63164 24.7051
0.63393 24.7047
0.63622 24.7042
0.6385 24.7038
0.64079 24.7033
0.64307 24.7029
0.64536 24.7025
0.64764 24.7022
0.64992 24.7018
0.65221 24.7015
0.65449 24.7012
0.65678 24.7009
0.65906 24.7006
0.66134 24.7003
0.66362 24.7
0.66591 24.6998
0.66819 24.6995
0.67047 24.6993
0.67275 24.6991
0.67503 24.6988
0.67731 24.6986
0.67959 24.6984
0.68187 24.6982
0.68415 24.6981
0.68643 24.6979
0.68871 24.6977
0.69099 24.6976
0.69327 24.6974
0.69555 24.6973
0.69783 24.6971
0.70011 24.697
0.70238 24.6969
0.70466 24.6968
0.70694 24.6967
0.70921 24.6965
0.71149 24.6964
0.71377 24.6963
0.71604 24.6962
0.71832 24.6962
0.7206 24.6961
0.72287 24.696
0.72515 24.6959
0.72742 24.6958
0.7297 24.6958
0.73197 24.6957
0.73424 24.6956
0.73652 24.6956
0.73879 24.6955
0.74107 24.6954
0.74334 24.6954
0.74561 24.6953
0.74788 24.6953
0.75016 24.6952
0.75243 24.6952
0.7547 24.6951
0.75697 24.6951
0.75924 24.695
0.76151 24.695
0.76378 24.695
0.76605 24.6949
0.76832 24.6949
0.77059 24.6949
0.77286 24.6948
0.77513 24.6948
0.7774 24.6948
0.77967 24.6947
0.78194 24.6947
0.78421 24.6947
0.78648 24.6947
0.78874 24.6946
0.79101 24.6946
0.79328 24.6946
0.79555 24.6946
0.79781 24.6946
0.80008 24.6945
0.80235 24.6945
0.80461 24.6945
0.80688 24.6945
0.80914 24.6945
0.81141 24.6945
0.81367 24.6945
0.81594 24.6944
0.8182 24.6944
0.82047 24.6944
0.82273 24.6944
0.825 24.6944
0.82726 24.6944
0.82952 24.6944
0.83179 24.6944
0.83405 24.6944
0.83631 24.6943
0.83857 24.6943
0.84084 24.6943
0.8431 24.6943
0.84536 24.6943
0.84762 24.6943
0.84988 24.6943
0.85214 24.6943
0.85441 24.6943
0.85667 24.6943
0.85893 24.6943
0.86119 24.6943
0.86345 24.6943
0.86571 24.6943
0.86797 24.6943
0.87022 24.6942
0.87248 24.6942
0.87474 24.6942
0.877 24.6942
0.87926 24.6942
0.88152 24.6942
0.88377 24.6942
0.88603 24.6942
0.88829 24.6942
0.89055 24.6942
0.8928 24.6942
0.89506 24.6942
0.89732 24.6942
0.89957 24.6942
0.90183 24.6942
0.90408 24.6942
0.90634 24.6942
0.90859 24.6942
0.91085 24.6942
0.9131 24.6942
0.91536 24.6942
0.91761 24.6942
0.91987 24.6942
0.92212 24.6942
0.92438 24.6942
0.92663 24.6942
0.92888 24.6942
0.93113 24.6942
0.93339 24.6942
0.93564 24.6942
0.93789 24.6942
0.94014 24.6942
0.9424 24.6942
0.94465 24.6942
0.9469 24.6942
0.94915 24.6942
0.9514 24.6942
0.95365 24.6942
0.9559 24.6942
0.95815 24.6942
0.9604 24.6942
0.96265 24.6942
0.9649 24.6942
0.96715 24.6942
0.9694 24.6942
0.97165 24.6942
0.9739 24.6942
0.97615 24.6942
0.9784 24.6942
0.98064 24.6942
0.98289 24.6942
0.98514 24.6942
0.98739 24.6942
0.98964 24.6942
0.99188 24.6942
0.99413 24.6942
0.99638 24.6942
0.99862 24.6942
1.00087 24.6942
1.00312 24.6942
1.00536 24.6942
1.00761 24.6942
1.00985 24.6942
1.0121 24.6942
1.01434 24.6942
1.01659 24.6942
1.01883 24.6942
1.02108 24.6942
1.02332 24.6942
1.02557 24.6941
1.02557 24.6941
