0 -239.128
0.00238 -78.2812
0.00477 55.2754
0.00715 57.0417
0.00953 51.3956
0.0119 63.5007
0.01428 203.012
0.01666 67.9637
0.01904 46.8891
0.02142 52.2813
0.0238 55.5982
0.02617 -87.0713
0.02855 65.3607
0.03092 -43.3937
0.0333 -75.3859
0.03568 86.3846
0.03805 -74.0327
0.04042 -35.0925
0.0428 85.6693
0.04517 -20.9581
0.04755 -14.3411
0.04992 9.3291
0.05229 -44.56
0.05466 -78.8361
0.05703 41.6611
0.05941 -23.7786
0.06178 -57.3068
0.06415 -43.6456
0.06652 -49.6755
0.06889 -81.2854
0.07125 -56.4785
0.07362 -65.9404
0.07599 -24.6941
0.07836 -62.6566
0.08073 -10.7507
0.08309 17.0141
0.08546 -64.1283
0.08783 -2.20135
0.09019 -22.2173
0.09256 21.0215
0.09492 10.4278
0.09729 29.1791
0.09965 13.1939
0.10202 14.6316
0.10438 -72.5837
0.10674 16.6411
0.10911 8.38685
0.11147 -4.41497
0.11383 15.3146
0.11619 -1.39797
0.11855 57.472
0.12091 0.947674
0.12328 28.0883
0.12564 15.8371
0.12799 25.2172
0.13035 17.3176
0.13271 -11.8817
0.13507 4.63475
0.13743 -2.11849
0.13979 -23.1279
0.14214 -4.4089
0.1445 -23.8924
0.14686 -2.59636
0.14921 35.4644
0.15157 -0.648822
0.15393 -18.9529
0.15628 -42.4622
0.15863 -5.144
0.16099 13.0308
0.16334 -13.9745
0.1657 3.88952
0.16805 34.588
0.1704 32.1477
0.17275 -1.42545
0.17511 11.8917
0.17746 27.0678
0.17981 -3.87387
0.18216 13.0712
0.18451 5.90724
0.18686 8.63839
0.18921 21.2685
0.19156 7.80115
0.19391 5.23987
0.19626 -9.41207
0.19861 -2.15153
0.20095 8.01113
0.2033 -3.89424
0.20565 0.121379
0.20799 2.04821
0.21034 18.9137
0.21269 -11.2924
0.21503 -1.57937
0.21738 0.078151
0.21972 3.65957
0.22207 18.1889
0.22441 2.64651
0.22675 -8.95494
0.2291 -0.603856
0.23144 1.68141
0.23378 1.91255
0.23612 12.0911
0.23847 7.22746
0.24081 -5.6951
0.24315 18.334
0.24549 8.31594
0.24783 -7.7479
0.25017 2.14364
0.25251 5.99174
0.25485 -11.2025
0.25719 13.5621
0.25953 -19.7135
0.26187 -2.02826
0.2642 9.61186
0.26654 12.2219
0.26888 -2.20435
0.27121 14.3275
0.27355 15.8315
0.27589 7.30182
0.27822 9.7332
0.28056 7.13871
0.28289 8.50712
0.28523 -6.14909
0.28756 1.15931
0.2899 -6.55573
0.29223 5.69547
0.29456 2.91914
0.2969 12.121
0.29923 4.29136
0.30156 8.43608
0.30389 6.55571
0.30622 0.65085
0.30855 -1.27795
0.31088 4.76985
0.31321 -5.20521
0.31554 -2.20261
0.31787 0.778143
0.3202 -1.26245
0.32253 17.6761
0.32486 -8.40576
0.32719 -1.50756
0.32952 21.3711
0.33185 -14.7692
0.33417 -3.93178
0.3365 12.8911
0.33883 2.69612
0.34115 0.480382
0.34348 8.25102
0.3458 1.0018
0.34813 1.73954
0.35045 7.45828
0.35278 -3.83545
0.3551 1.85264
0.35743 15.5288
0.35975 9.18758
0.36207 4.8322
0.36439 0.462975
0.36672 -1.91716
0.36904 12.6868
0.37136 0.277739
0.37368 3.85603
0.376 -1.57808
0.37832 1.97567
0.38064 0.517557
0.38296 11.0478
0.38528 -1.43327
0.3876 9.07451
0.38992 9.57142
0.39224 4.05768
0.39456 -1.46647
0.39688 3.99918
0.39919 1.45293
0.40151 14.8989
0.40383 -0.664672
0.40615 8.76241
0.40846 6.17858
0.41078 1.58762
0.41309 -1.0138
0.41541 -1.62204
0.41772 -2.2403
0.42004 -2.86508
0.42235 3.50054
0.42467 3.85991
0.42698 8.21009
0.42929 -5.44718
0.43161 6.88968
0.43392 -1.78206
0.43623 6.53921
0.43854 5.85364
0.44086 3.16269
0.44317 17.4638
0.44548 6.75859
0.44779 7.04707
0.4501 11.3294
0.45241 -0.394274
0.45472 5.87617
0.45703 0.14086
0.45934 3.39992
0.46165 4.65346
0.46396 3.90161
0.46626 5.14344
0.46857 4.38116
0.47088 6.61382
0.47319 1.84154
0.47549 2.06345
0.4778 2.2816
0.48011 -4.50489
0.48241 -3.29682
0.48472 1.90772
0.48702 8.10705
0.48933 3.30299
0.49163 6.49395
0.49394 -0.318332
0.49624 2.8646
0.49855 -1.95556
0.50085 3.21969
0.50315 0.391229
0.50545 -1.44086
0.50776 7.72419
0.51006 -3.11495
0.51236 -2.9575
0.51466 -0.803389
0.51696 2.34746
0.51926 11.4951
0.52157 8.64027
0.52387 6.78172
0.52617 8.92018
0.52847 3.0557
0.53076 -0.812212
0.53306 5.31765
0.53536 -4.55525
0.53766 8.56917
0.53996 3.69095
0.54226 4.81015
0.54455 -4.07367
0.54685 4.04055
0.54915 6.15235
0.55145 6.26178
0.55374 -3.63157
0.55604 1.47329
0.55833 -1.42452
0.56063 11.676
0.56292 1.77387
0.56522 0.870142
0.56751 0.963967
0.56981 -0.943789
0.5721 -4.85389
0.5744 5.2345
0.57669 1.32064
0.57898 1.40497
0.58128 1.48788
0.58357 5.56868
0.58586 -0.352227
0.58815 -0.274798
0.59044 0.800999
0.59274 -2.12448
0.59503 3.94815
0.59732 -0.980759
0.59961 1.08884
0.6019 0.156967
0.60419 3.22366
0.60648 1.28895
0.60877 4.35286
0.61106 -1.58458
0.61334 -0.523601
0.61563 0.536357
0.61792 1.59505
0.62021 -3.34749
0.6225 -0.291249
0.62478 -1.23643
0.62707 -1.18252
0.62936 2.87024
0.63164 4.92167
0.63393 -4.02776
0.63622 0.0217451
0.6385 0.0699952
0.64079 -2.88256
0.64307 -3.83632
0.64536 0.209146
0.64764 3.25346
0.64992 0.296847
0.65221 2.33951
0.65449 -2.61891
0.65678 -1.57803
0.65906 -1.53818
0.66134 1.50083
0.66362 -4.46098
0.66591 1.57657
0.66819 -3.38682
0.67047 8.64901
0.67275 -1.31591
0.67503 -4.28156
0.67731 -1.24794
0.67959 -2.21502
0.68187 -0.182792
0.68415 1.84876
0.68643 0.879648
0.68871 -4.09011
0.69099 -1.06051
0.69327 -3.03152
0.69555 0.996852
0.69783 -3.97537
0.70011 -2.94817
0.70238 -2.92166
0.70466 -2.89559
0.70694 -1.87007
0.70921 0.154806
0.71149 1.17927
0.71377 -3.79678
0.71604 -2.77344
0.71832 -0.750478
0.7206 4.272
0.72287 1.29391
0.72515 -1.68455
0.72742 -0.663552
0.7297 -4.6429
0.73197 -0.622772
0.73424 -3.60306
0.73652 -3.58368
0.73879 0.435208
0.74107 -3.54621
0.74334 2.47189
0.74561 -4.51038
0.74788 1.50698
0.75016 -1.47595
0.75243 -2.45931
0.7547 -0.443016
0.75697 -1.42707
0.75924 0.588553
0.76151 -2.39616
0.76378 1.61882
0.76605 -4.36653
0.76832 -3.35217
0.77059 -1.33812
0.77286 -0.324362
0.77513 -5.31089
0.7774 -0.297702
0.77967 -3.28479
0.78194 -1.27214
0.78421 -1.25976
0.78648 -1.24764
0.78874 -3.23583
0.79101 -2.22421
0.79328 -5.21283
0.79555 -2.20169
0.79781 -2.19083
0.80008 -1.18015
0.80235 -4.16969
0.80461 -3.1595
0.80688 -2.14948
0.80914 -3.1397
0.81141 -2.13009
0.81367 -2.12072
0.81594 0.888493
0.8182 -0.102525
0.82047 -3.09369
0.82273 -1.08508
0.825 -0.076609
0.82726 -2.06835
0.82952 -4.06027
0.83179 -3.05232
0.83405 -4.04457
0.83631 -3.03698
0.83857 -0.0295452
0.84084 -2.02224
0.8431 -5.01511
0.84536 -5.00813
0.84762 -1.0013
0.84988 -2.99461
0.85214 -2.98806
0.85441 -4.98162
0.85667 -1.97534
0.85893 -4.96919
0.86119 -2.96317
0.86345 -0.957277
0.86571 -3.9515
0.86797 -1.94585
0.87022 -2.94034
0.87248 -4.93492
0.87474 -2.92961
0.877 -0.924415
0.87926 -5.91933
0.88152 -1.91434
0.88377 -2.90948
0.88603 -3.90471
0.88829 -3.90003
0.89055 -1.89545
0.8928 -2.89098
0.89506 -1.88659
0.89732 -3.88228
0.89957 -1.87809
0.90183 -2.87397
0.90408 -4.86994
0.90634 0.134012
0.90859 2.13787
0.91085 -2.85834
0.9131 -4.85464
0.91536 -3.851
0.91761 -1.84746
0.91987 -3.84397
0.92212 -3.84057
0.92438 -1.83723
0.92663 -1.83397
0.92888 -1.83077
0.93113 -3.82765
0.93339 -3.82457
0.93564 -1.82157
0.93789 -2.81864
0.94014 -1.81576
0.9424 -1.81293
0.94465 -3.81018
0.9469 -3.80748
0.94915 -3.80483
0.9514 -3.80224
0.95365 -0.799709
0.9559 -2.79723
0.95815 -3.7948
0.9604 -1.79241
0.96265 -3.79008
0.9649 -3.7878
0.96715 -3.78556
0.9694 -3.78337
0.97165 -2.78123
0.9739 -1.77913
0.97615 -2.77707
0.9784 -2.77506
0.98064 -4.77309
0.98289 -4.77116
0.98514 -2.76927
0.98739 -4.76742
0.98964 -5.76561
0.99188 -3.76384
0.99413 -4.7621
0.99638 0.239607
0.99862 -2.75873
1.00087 0.242901
1.00312 0.244502
1.00536 -1.75394
1.00761 -5.7524
1.00985 -4.75091
1.0121 -3.74944
1.01434 -4.748
1.01659 -2.74659
1.01883 -3.74521
1.02108 -5.74386
1.02332 -3.74254
1.02557 -5.74124
1.02557 -5.74124
