0 2840.13
0.00238 2677.28
0.00477 2524.72
0.00715 2382.96
0.00953 2250.6
0.0119 2127.5
0.01428 2011.99
0.01666 1904.04
0.01904 1803.11
0.02142 1708.72
0.0238 1620.4
0.02617 1538.07
0.02855 1460.64
0.03092 1388.39
0.0333 1320.39
0.03568 1256.62
0.03805 1197.03
0.04042 1141.09
0.0428 1088.33
0.04517 1038.96
0.04755 992.341
0.04992 948.671
0.05229 907.56
0.05466 868.836
0.05703 832.339
0.05941 797.779
0.06178 765.307
0.06415 734.646
0.06652 705.676
0.06889 678.285
0.07125 652.479
0.07362 627.94
0.07599 604.694
0.07836 582.657
0.08073 561.751
0.08309 541.986
0.08546 523.128
0.08783 505.201
0.09019 488.217
0.09256 471.979
0.09492 456.572
0.09729 441.821
0.09965 427.806
0.10202 414.368
0.10438 401.584
0.10674 389.359
0.10911 377.613
0.11147 366.415
0.11383 355.685
0.11619 345.398
0.11855 335.528
0.12091 326.052
0.12328 316.912
0.12564 308.163
0.12799 299.783
0.13035 291.682
0.13271 283.882
0.13507 276.365
0.13743 269.118
0.13979 262.128
0.14214 255.409
0.1445 248.892
0.14686 242.596
0.14921 236.536
0.15157 230.649
0.15393 224.953
0.15628 219.462
0.15863 214.144
0.16099 208.969
0.16334 203.974
0.1657 199.11
0.16805 194.412
0.1704 189.852
0.17275 185.425
0.17511 181.108
0.17746 176.932
0.17981 172.874
0.18216 168.929
0.18451 165.093
0.18686 161.362
0.18921 157.732
0.19156 154.199
0.19391 150.76
0.19626 147.412
0.19861 144.152
0.20095 140.989
0.2033 137.894
0.20565 134.879
0.20799 131.952
0.21034 129.086
0.21269 126.292
0.21503 123.579
0.21738 120.922
0.21972 118.34
0.22207 115.811
0.22441 113.353
0.22675 110.955
0.2291 108.604
0.23144 106.319
0.23378 104.087
0.23612 101.909
0.23847 99.7725
0.24081 97.6951
0.24315 95.666
0.24549 93.6841
0.24783 91.7479
0.25017 89.8564
0.25251 88.0083
0.25485 86.2025
0.25719 84.4379
0.25953 82.7135
0.26187 81.0283
0.2642 79.3881
0.26654 77.7781
0.26888 76.2043
0.27121 74.6725
0.27355 73.1685
0.27589 71.6982
0.27822 70.2668
0.28056 68.8613
0.28289 67.4929
0.28523 66.1491
0.28756 64.8407
0.2899 63.5557
0.29223 62.3045
0.29456 61.0809
0.2969 59.879
0.29923 58.7086
0.30156 57.5639
0.30389 56.4443
0.30622 55.3491
0.30855 54.278
0.31088 53.2301
0.31321 52.2052
0.31554 51.2026
0.31787 50.2219
0.3202 49.2624
0.32253 48.3239
0.32486 47.4058
0.32719 46.5076
0.32952 45.6289
0.33185 44.7692
0.33417 43.9318
0.3365 43.1089
0.33883 42.3039
0.34115 41.5196
0.34348 40.749
0.3458 39.9982
0.34813 39.2605
0.35045 38.5417
0.35278 37.8354
0.3551 37.1474
0.35743 36.4712
0.35975 35.8124
0.36207 35.1678
0.36439 34.537
0.36672 33.9172
0.36904 33.3132
0.37136 32.7223
0.37368 32.144
0.376 31.5781
0.37832 31.0243
0.38064 30.4824
0.38296 29.9522
0.38528 29.4333
0.3876 28.9255
0.38992 28.4286
0.39224 27.9423
0.39456 27.4665
0.39688 27.0008
0.39919 26.5471
0.40151 26.1011
0.40383 25.6647
0.40615 25.2376
0.40846 24.8214
0.41078 24.4124
0.41309 24.0138
0.41541 23.622
0.41772 23.2403
0.42004 22.8651
0.42235 22.4995
0.42467 22.1401
0.42698 21.7899
0.42929 21.4472
0.43161 21.1103
0.43392 20.7821
0.43623 20.4608
0.43854 20.1464
0.44086 19.8373
0.44317 19.5362
0.44548 19.2414
0.44779 18.9529
0.4501 18.6706
0.45241 18.3943
0.45472 18.1238
0.45703 17.8591
0.45934 17.6001
0.46165 17.3465
0.46396 17.0984
0.46626 16.8566
0.46857 16.6188
0.47088 16.3862
0.47319 16.1585
0.47549 15.9365
0.4778 15.7184
0.48011 15.5049
0.48241 15.2968
0.48472 15.0923
0.48702 14.893
0.48933 14.697
0.49163 14.506
0.49394 14.3183
0.49624 14.1354
0.49855 13.9556
0.50085 13.7803
0.50315 13.6088
0.50545 13.4409
0.50776 13.2758
0.51006 13.115
0.51236 12.9575
0.51466 12.8034
0.51696 12.6525
0.51926 12.5049
0.52157 12.3597
0.52387 12.2183
0.52617 12.0798
0.52847 11.9443
0.53076 11.8122
0.53306 11.6824
0.53536 11.5552
0.53766 11.4308
0.53996 11.309
0.54226 11.1898
0.54455 11.0737
0.54685 10.9595
0.54915 10.8477
0.55145 10.7382
0.55374 10.6316
0.55604 10.5267
0.55833 10.4245
0.56063 10.324
0.56292 10.2261
0.56522 10.1299
0.56751 10.036
0.56981 9.94379
0.5721 9.85389
0.5744 9.7655
0.57669 9.67936
0.57898 9.59503
0.58128 9.51212
0.58357 9.43132
0.58586 9.35223
0.58815 9.2748
0.59044 9.199
0.59274 9.12448
0.59503 9.05185
0.59732 8.98076
0.59961 8.91116
0.6019 8.84303
0.60419 8.77634
0.60648 8.71105
0.60877 8.64714
0.61106 8.58458
0.61334 8.5236
0.61563 8.46364
0.61792 8.40495
0.62021 8.34749
0.6225 8.29125
0.62478 8.23643
0.62707 8.18252
0.62936 8.12976
0.63164 8.07833
0.63393 8.02776
0.63622 7.97825
0.6385 7.93
0.64079 7.88256
0.64307 7.83632
0.64536 7.79085
0.64764 7.74654
0.64992 7.70315
0.65221 7.66049
0.65449 7.61891
0.65678 7.57803
0.65906 7.53818
0.66134 7.49917
0.66362 7.46098
0.66591 7.42343
0.66819 7.38682
0.67047 7.35099
0.67275 7.31591
0.67503 7.28156
0.67731 7.24794
0.67959 7.21502
0.68187 7.18279
0.68415 7.15124
0.68643 7.12035
0.68871 7.09011
0.69099 7.06051
0.69327 7.03152
0.69555 7.00315
0.69783 6.97537
0.70011 6.94817
0.70238 6.92166
0.70466 6.89559
0.70694 6.87007
0.70921 6.84519
0.71149 6.82073
0.71377 6.79678
0.71604 6.77344
0.71832 6.75048
0.7206 6.728
0.72287 6.70609
0.72515 6.68455
0.72742 6.66355
0.7297 6.6429
0.73197 6.62277
0.73424 6.60306
0.73652 6.58368
0.73879 6.56479
0.74107 6.54621
0.74334 6.52811
0.74561 6.51038
0.74788 6.49302
0.75016 6.47595
0.75243 6.45931
0.7547 6.44302
0.75697 6.42707
0.75924 6.41145
0.76151 6.39616
0.76378 6.38118
0.76605 6.36653
0.76832 6.35217
0.77059 6.33812
0.77286 6.32436
0.77513 6.31089
0.7774 6.2977
0.77967 6.28479
0.78194 6.27214
0.78421 6.25976
0.78648 6.24764
0.78874 6.23583
0.79101 6.22421
0.79328 6.21283
0.79555 6.20169
0.79781 6.19083
0.80008 6.18015
0.80235 6.16969
0.80461 6.1595
0.80688 6.14948
0.80914 6.1397
0.81141 6.13009
0.81367 6.12072
0.81594 6.11151
0.8182 6.10252
0.82047 6.09369
0.82273 6.08508
0.825 6.07661
0.82726 6.06835
0.82952 6.06027
0.83179 6.05232
0.83405 6.04457
0.83631 6.03698
0.83857 6.02955
0.84084 6.02224
0.8431 6.01511
0.84536 6.00813
0.84762 6.0013
0.84988 5.99461
0.85214 5.98806
0.85441 5.98162
0.85667 5.97534
0.85893 5.96919
0.86119 5.96317
0.86345 5.95728
0.86571 5.9515
0.86797 5.94585
0.87022 5.94034
0.87248 5.93492
0.87474 5.92961
0.877 5.92442
0.87926 5.91933
0.88152 5.91434
0.88377 5.90948
0.88603 5.90471
0.88829 5.90003
0.89055 5.89545
0.8928 5.89098
0.89506 5.88659
0.89732 5.88228
0.89957 5.87809
0.90183 5.87397
0.90408 5.86994
0.90634 5.86599
0.90859 5.86213
0.91085 5.85834
0.9131 5.85464
0.91536 5.851
0.91761 5.84746
0.91987 5.84397
0.92212 5.84057
0.92438 5.83723
0.92663 5.83397
0.92888 5.83077
0.93113 5.82765
0.93339 5.82457
0.93564 5.82157
0.93789 5.81864
0.94014 5.81576
0.9424 5.81293
0.94465 5.81018
0.9469 5.80748
0.94915 5.80483
0.9514 5.80224
0.95365 5.79971
0.9559 5.79723
0.95815 5.7948
0.9604 5.79241
0.96265 5.79008
0.9649 5.7878
0.96715 5.78556
0.9694 5.78337
0.97165 5.78123
0.9739 5.77913
0.97615 5.77707
0.9784 5.77506
0.98064 5.77309
0.98289 5.77116
0.98514 5.76927
0.98739 5.76742
0.98964 5.76561
0.99188 5.76384
0.99413 5.7621
0.99638 5.76039
0.99862 5.75873
1.00087 5.7571
1.00312 5.7555
1.00536 5.75394
1.00761 5.7524
1.00985 5.75091
1.0121 5.74944
1.01434 5.748
1.01659 5.74659
1.01883 5.74521
1.02108 5.74386
1.02332 5.74254
1.02557 5.74124
1.02557 5.74124
